1 0.986294
11 0.948879
21 0.929718
31 0.916633
41 0.907428
51 0.900872
61 0.896158
71 0.892738
81 0.890234
91 0.888382
101 0.886998
111 0.885948
121 0.885138
131 0.884501
141 0.883989
151 0.883566
161 0.883209
171 0.882898
181 0.882622
191 0.882369
201 0.882135
211 0.881913
221 0.881701
231 0.881495
241 0.881294
251 0.881097
261 0.880902
271 0.880709
281 0.880517
291 0.880326
301 0.880136
311 0.879947
321 0.879758
331 0.879569
341 0.879381
351 0.879193
361 0.879005
371 0.878816
381 0.878629
391 0.878441
401 0.878253
411 0.878065
421 0.877877
431 0.87769
441 0.877502
451 0.877314
461 0.877127
471 0.876939
481 0.876752
491 0.876564
501 0.876377
511 0.876189
521 0.876002
531 0.875815
541 0.875627
551 0.87544
561 0.875253
571 0.875066
581 0.874878
591 0.874691
601 0.874504
611 0.874317
621 0.87413
631 0.873943
641 0.873756
651 0.873569
661 0.873382
671 0.873195
681 0.873008
691 0.872821
701 0.872635
711 0.872448
721 0.872261
731 0.872074
741 0.871888
751 0.871701
761 0.871515
771 0.871328
781 0.871141
791 0.870955
801 0.870768
811 0.870582
821 0.870396
831 0.870209
841 0.870023
851 0.869837
861 0.86965
871 0.869464
881 0.869278
891 0.869092
901 0.868906
911 0.868719
921 0.868533
931 0.868347
941 0.868161
951 0.867975
961 0.867789
971 0.867603
981 0.867417
991 0.867232
